-135.000000	8.158000
-134.750000	8.086000
-134.500000	8.026000
-134.250000	7.960000
-134.000000	7.901000
-133.750000	7.828000
-133.500000	7.773000
-133.250000	7.723000
-133.000000	7.668000
-132.750000	7.616000
-132.500000	7.556000
-132.250000	7.500000
-132.000000	7.451000
-131.750000	7.402000
-131.500000	7.347000
-131.250000	7.310000
-131.000000	7.248000
-130.750000	7.207000
-130.500000	7.148000
-130.250000	7.107000
-130.000000	7.068000
-129.750000	7.024000
-129.500000	6.968000
-129.250000	6.929000
-129.000000	6.885000
-128.750000	6.842000
-128.500000	6.807000
-128.250000	6.755000
-128.000000	6.720000
-127.750000	6.676000
-127.500000	6.628000
-127.250000	6.598000
-127.000000	6.552000
-126.750000	6.511000
-126.500000	6.483000
-126.250000	6.445000
-126.000000	6.407000
-125.750000	6.364000
-125.500000	6.334000
-125.250000	6.301000
-125.000000	6.270000
-124.750000	6.237000
-124.500000	6.189000
-124.250000	6.165000
-124.000000	6.134000
-123.750000	6.087000
-123.500000	6.063000
-123.250000	6.029000
-123.000000	5.998000
-122.750000	5.967000
-122.500000	5.940000
-122.250000	5.913000
-122.000000	5.890000
-121.750000	5.848000
-121.500000	5.827000
-121.250000	5.798000
-121.000000	5.767000
-120.750000	5.744000
-120.500000	5.721000
-120.250000	5.695000
-120.000000	5.671000
-119.750000	5.636000
-119.500000	5.620000
-119.250000	5.587000
-119.000000	5.566000
-118.750000	5.527000
-118.500000	5.508000
-118.250000	5.485000
-118.000000	5.466000
-117.750000	5.441000
-117.500000	5.425000
-117.250000	5.390000
-117.000000	5.366000
-116.750000	5.358000
-116.500000	5.332000
-116.250000	5.314000
-116.000000	5.296000
-115.750000	5.266000
-115.500000	5.246000
-115.250000	5.223000
-115.000000	5.196000
-114.750000	5.175000
-114.500000	5.165000
-114.250000	5.144000
-114.000000	5.122000
-113.750000	5.109000
-113.500000	5.088000
-113.250000	5.076000
-113.000000	5.055000
-112.750000	5.040000
-112.500000	5.017000
-112.250000	5.000000
-112.000000	4.988000
-111.750000	4.969000
-111.500000	4.942000
-111.250000	4.924000
-111.000000	4.906000
-110.750000	4.886000
-110.500000	4.879000
-110.250000	4.855000
-110.000000	4.855000
-109.750000	4.883000
-109.500000	4.894000
-109.250000	4.888000
-109.000000	4.888000
-108.750000	4.903000
-108.500000	4.896000
-108.250000	4.886000
-108.000000	4.872000
-107.750000	4.860000
-107.500000	4.838000
-107.250000	4.833000
-107.000000	4.810000
-106.750000	4.797000
-106.500000	4.794000
-106.250000	4.774000
-106.000000	4.756000
-105.750000	4.749000
-105.500000	4.733000
-105.250000	4.724000
-105.000000	4.719000
-104.750000	4.693000
-104.500000	4.675000
-104.250000	4.661000
-104.000000	4.661000
-103.750000	4.642000
-103.500000	4.629000
-103.250000	4.620000
-103.000000	4.607000
-102.750000	4.597000
-102.500000	4.583000
-102.250000	4.577000
-102.000000	4.557000
-101.750000	4.546000
-101.500000	4.540000
-101.250000	4.539000
-101.000000	4.534000
-100.750000	4.521000
-100.500000	4.516000
-100.250000	4.497000
-100.000000	4.483000
-99.750000	4.481000
-99.500000	4.463000
-99.250000	4.456000
-99.000000	4.448000
-98.750000	4.440000
-98.500000	4.424000
-98.250000	4.424000
-98.000000	4.415000
-97.750000	4.409000
-97.500000	4.388000
-97.250000	4.382000
-97.000000	4.376000
-96.750000	4.368000
-96.500000	4.354000
-96.250000	4.343000
-96.000000	4.333000
-95.750000	4.322000
-95.500000	4.320000
-95.250000	4.310000
-95.000000	4.303000
-94.750000	4.296000
-94.500000	4.284000
-94.250000	4.278000
-94.000000	4.244000
-93.750000	4.203000
-93.500000	4.130000
-93.250000	4.121000
-93.000000	4.115000
-92.750000	4.105000
-92.500000	4.100000
-92.250000	4.097000
-92.000000	4.089000
-91.750000	4.088000
-91.500000	4.081000
-91.250000	4.071000
-91.000000	4.067000
-90.750000	4.063000
-90.500000	4.060000
-90.250000	4.053000
-90.000000	4.051000
-89.750000	4.047000
-89.500000	4.040000
-89.250000	4.036000
-89.000000	4.031000
-88.750000	4.027000
-88.500000	4.019000
-88.250000	4.019000
-88.000000	4.014000
-87.750000	4.013000
-87.500000	4.002000
-87.250000	4.001000
-87.000000	4.001000
-86.750000	3.993000
-86.500000	3.992000
-86.250000	3.989000
-86.000000	3.978000
-85.750000	3.977000
-85.500000	3.977000
-85.250000	3.971000
-85.000000	3.969000
-84.750000	3.968000
-84.500000	3.958000
-84.250000	3.958000
-84.000000	3.958000
-83.750000	3.954000
-83.500000	3.948000
-83.250000	3.948000
-83.000000	3.944000
-82.750000	3.940000
-82.500000	3.939000
-82.250000	3.936000
-82.000000	3.935000
-81.750000	3.933000
-81.500000	3.926000
-81.250000	3.926000
-81.000000	3.921000
-80.750000	3.927000
-80.500000	3.927000
-80.250000	3.924000
-80.000000	3.922000
-79.750000	3.921000
-79.500000	3.918000
-79.250000	3.910000
-79.000000	3.899000
-78.750000	3.907000
-78.500000	3.908000
-78.250000	3.908000
-78.000000	3.906000
-77.750000	3.906000
-77.500000	3.899000
-77.250000	3.899000
-77.000000	3.898000
-76.750000	3.897000
-76.500000	3.898000
-76.250000	3.899000
-76.000000	3.895000
-75.750000	3.895000
-75.500000	3.896000
-75.250000	3.897000
-75.000000	3.897000
-74.750000	3.903000
-74.500000	3.903000
-74.250000	3.898000
-74.000000	3.896000
-73.750000	3.896000
-73.500000	3.902000
-73.250000	3.897000
-73.000000	3.896000
-72.750000	3.895000
-72.500000	3.895000
-72.250000	3.902000
-72.000000	3.900000
-71.750000	3.897000
-71.500000	3.899000
-71.250000	3.898000
-71.000000	3.899000
-70.750000	3.898000
-70.500000	3.898000
-70.250000	3.900000
-70.000000	3.903000
-69.750000	3.902000
-69.500000	3.902000
-69.250000	3.906000
-69.000000	3.908000
-68.750000	3.906000
-68.500000	3.908000
-68.250000	3.905000
-68.000000	3.905000
-67.750000	3.904000
-67.500000	3.904000
-67.250000	3.916000
-67.000000	3.917000
-66.750000	3.910000
-66.500000	3.910000
-66.250000	3.911000
-66.000000	3.917000
-65.750000	3.917000
-65.500000	3.917000
-65.250000	3.922000
-65.000000	3.927000
-64.750000	3.927000
-64.500000	3.927000
-64.250000	3.929000
-64.000000	3.936000
-63.750000	3.937000
-63.500000	3.938000
-63.250000	3.942000
-63.000000	3.950000
-62.750000	3.951000
-62.500000	3.951000
-62.250000	3.954000
-62.000000	3.978000
-61.750000	3.978000
-61.500000	3.983000
-61.250000	3.988000
-61.000000	3.991000
-60.750000	3.991000
-60.500000	3.990000
-60.250000	3.992000
-60.000000	3.997000
-59.750000	4.019000
-59.500000	4.019000
-59.250000	4.027000
-59.000000	4.034000
-58.750000	4.038000
-58.500000	4.041000
-58.250000	4.042000
-58.000000	4.053000
-57.750000	4.060000
-57.500000	4.064000
-57.250000	4.068000
-57.000000	4.069000
-56.750000	4.080000
-56.500000	4.081000
-56.250000	4.089000
-56.000000	4.100000
-55.750000	4.098000
-55.500000	4.103000
-55.250000	4.113000
-55.000000	4.123000
-54.750000	4.128000
-54.500000	4.135000
-54.250000	4.140000
-54.000000	4.146000
-53.750000	4.156000
-53.500000	4.158000
-53.250000	4.175000
-53.000000	4.177000
-52.750000	4.185000
-52.500000	4.186000
-52.250000	4.196000
-52.000000	4.200000
-51.750000	4.213000
-51.500000	4.215000
-51.250000	4.223000
-51.000000	4.230000
-50.750000	4.236000
-50.500000	4.241000
-50.250000	4.256000
-50.000000	4.265000
-49.750000	4.272000
-49.500000	4.275000
-49.250000	4.274000
-49.000000	4.269000
-48.750000	4.276000
-48.500000	4.299000
-48.250000	4.307000
-48.000000	4.310000
-47.750000	4.319000
-47.500000	4.335000
-47.250000	4.341000
-47.000000	4.357000
-46.750000	4.371000
-46.500000	4.380000
-46.250000	4.391000
-46.000000	4.400000
-45.750000	4.408000
-45.500000	4.414000
-45.250000	4.432000
-45.000000	4.438000
-44.750000	4.451000
-44.500000	4.453000
-44.250000	4.472000
-44.000000	4.485000
-43.750000	4.498000
-43.500000	4.501000
-43.250000	4.517000
-43.000000	4.525000
-42.750000	4.539000
-42.500000	4.553000
-42.250000	4.556000
-42.000000	4.571000
-41.750000	4.584000
-41.500000	4.586000
-41.250000	4.606000
-41.000000	4.623000
-40.750000	4.634000
-40.500000	4.640000
-40.250000	4.659000
-40.000000	4.675000
-39.750000	4.684000
-39.500000	4.707000
-39.250000	4.714000
-39.000000	4.736000
-38.750000	4.747000
-38.500000	4.759000
-38.250000	4.778000
-38.000000	4.793000
-37.750000	4.805000
-37.500000	4.818000
-37.250000	4.839000
-37.000000	4.854000
-36.750000	4.870000
-36.500000	4.887000
-36.250000	4.902000
-36.000000	4.914000
-35.750000	4.937000
-35.500000	4.960000
-35.250000	4.984000
-35.000000	4.993000
-34.750000	5.010000
-34.500000	5.015000
-34.250000	5.023000
-34.000000	5.062000
-33.750000	5.091000
-33.500000	5.102000
-33.250000	5.127000
-33.000000	5.140000
-32.750000	5.155000
-32.500000	5.174000
-32.250000	5.197000
-32.000000	5.217000
-31.750000	5.231000
-31.500000	5.253000
-31.250000	5.284000
-31.000000	5.306000
-30.750000	5.319000
-30.500000	5.339000
-30.250000	5.358000
-30.000000	5.390000
-29.750000	5.401000
-29.500000	5.406000
-29.250000	5.433000
-29.000000	5.477000
-28.750000	5.496000
-28.500000	5.509000
-28.250000	5.542000
-28.000000	5.570000
-27.750000	5.587000
-27.500000	5.621000
-27.250000	5.641000
-27.000000	5.678000
-26.750000	5.702000
-26.500000	5.724000
-26.250000	5.753000
-26.000000	5.784000
-25.750000	5.796000
-25.500000	2.183000
-25.250000	2.199000
-25.000000	2.184000
-24.750000	2.204000
-24.500000	2.207000
-24.250000	2.204000
-24.000000	2.195000
-23.750000	2.188000
-23.500000	2.176000
-23.250000	2.164000
-23.000000	2.160000
-22.750000	2.141000
-22.500000	2.140000
-22.250000	2.143000
-22.000000	2.124000
-21.750000	2.117000
-21.500000	2.102000
-21.250000	2.101000
-21.000000	2.093000
-20.750000	2.083000
-20.500000	2.082000
-20.250000	2.075000
-20.000000	2.100000
-19.750000	2.232000
-19.500000	2.631000
-19.250000	2.632000
-19.000000	2.637000
-18.750000	2.630000
-18.500000	2.631000
-18.250000	2.615000
-18.000000	2.620000
-17.750000	2.606000
-17.500000	2.605000
-17.250000	2.611000
-17.000000	2.599000
-16.750000	2.593000
-16.500000	2.593000
-16.250000	2.567000
-16.000000	2.595000
-15.750000	2.597000
-15.500000	2.615000
-15.250000	2.622000
-15.000000	7.473000
-14.750000	7.517000
-14.500000	7.571000
-14.250000	7.642000
-14.000000	7.701000
-13.750000	7.785000
-13.500000	7.839000
-13.250000	7.891000
-13.000000	7.964000
-12.750000	8.019000
-12.500000	8.083000
-12.250000	8.142000
-12.000000	8.208000
-11.750000	8.270000
-11.500000	8.343000
-11.250000	8.417000
-11.000000	8.488000
-10.750000	8.517000
-10.500000	1.716000
-10.250000	1.659000
-10.000000	1.649000
-9.750000	1.675000
-9.500000	1.645000
-9.250000	11.200000
-9.000000	11.191000
-8.750000	11.171000
-8.500000	11.144000
-8.250000	11.125000
-8.000000	3.503000
-7.750000	3.502000
-7.500000	3.500000
-7.250000	11.042000
-7.000000	11.041000
-6.750000	3.703000
-6.500000	3.711000
-6.250000	3.713000
-6.000000	10.919000
-5.750000	3.393000
-5.500000	3.196000
-5.250000	3.173000
-5.000000	3.168000
-4.750000	3.155000
-4.500000	2.783000
-4.250000	2.451000
-4.000000	2.557000
-3.750000	3.028000
-3.500000	3.154000
-3.250000	3.159000
-3.000000	3.162000
-2.750000	3.165000
-2.500000	3.205000
-2.250000	3.208000
-2.000000	3.201000
-1.750000	3.194000
-1.500000	3.192000
-1.250000	3.185000
-1.000000	3.179000
-0.750000	3.170000
-0.500000	3.170000
-0.250000	3.165000
0.000000	3.164000
0.250000	3.160000
0.500000	3.154000
0.750000	3.150000
1.000000	3.149000
1.250000	3.145000
1.500000	3.145000
1.750000	3.141000
2.000000	3.138000
2.250000	3.135000
2.500000	3.134000
2.750000	3.125000
3.000000	3.125000
3.250000	3.119000
3.500000	3.119000
3.750000	3.118000
4.000000	3.105000
4.250000	3.106000
4.500000	3.107000
4.750000	3.100000
5.000000	3.093000
5.250000	3.093000
5.500000	3.093000
5.750000	3.073000
6.000000	2.094000
6.250000	1.906000
6.500000	1.822000
6.750000	1.780000
7.000000	1.773000
7.250000	1.765000
7.500000	1.770000
7.750000	1.756000
8.000000	1.765000
8.250000	1.756000
8.500000	1.764000
8.750000	1.753000
9.000000	1.745000
9.250000	1.748000
9.500000	1.738000
9.750000	1.735000
10.000000	1.727000
10.250000	1.719000
10.500000	1.702000
10.750000	1.695000
11.000000	1.692000
11.250000	1.690000
11.500000	1.685000
11.750000	1.682000
12.000000	1.689000
12.250000	1.689000
12.500000	1.724000
12.750000	1.909000
13.000000	2.457000
13.250000	2.467000
13.500000	2.501000
13.750000	2.667000
14.000000	2.920000
14.250000	3.034000
14.500000	3.036000
14.750000	3.034000
15.000000	3.034000
15.250000	3.041000
15.500000	3.041000
15.750000	3.046000
16.000000	3.046000
16.250000	3.046000
16.500000	3.040000
16.750000	3.040000
17.000000	3.045000
17.250000	3.039000
17.500000	3.039000
17.750000	3.038000
18.000000	3.039000
18.250000	3.039000
18.500000	3.040000
18.750000	3.037000
19.000000	3.034000
19.250000	3.018000
19.500000	3.010000
19.750000	3.018000
20.000000	3.037000
20.250000	3.039000
20.500000	3.040000
20.750000	3.040000
21.000000	3.038000
21.250000	3.038000
21.500000	3.040000
21.750000	3.041000
22.000000	3.041000
22.250000	3.039000
22.500000	3.048000
22.750000	3.048000
23.000000	3.048000
23.250000	3.047000
23.500000	2.985000
23.750000	2.806000
24.000000	2.759000
24.250000	2.689000
24.500000	2.610000
24.750000	2.525000
25.000000	2.460000
25.250000	2.386000
25.500000	2.323000
25.750000	2.221000
26.000000	2.202000
26.250000	2.199000
26.500000	2.199000
26.750000	2.202000
27.000000	2.202000
27.250000	2.201000
27.500000	2.201000
27.750000	2.201000
28.000000	2.200000
28.250000	2.200000
28.500000	2.207000
28.750000	2.212000
29.000000	2.215000
29.250000	2.215000
29.500000	2.222000
29.750000	2.222000
30.000000	2.222000
30.250000	2.222000
30.500000	2.221000
30.750000	2.226000
31.000000	2.231000
31.250000	2.231000
31.500000	2.235000
31.750000	2.235000
32.000000	2.242000
32.250000	2.241000
32.500000	2.241000
32.750000	2.245000
33.000000	2.252000
33.250000	2.256000
33.500000	2.257000
33.750000	2.257000
34.000000	2.264000
34.250000	2.270000
34.500000	2.276000
34.750000	2.276000
35.000000	2.276000
35.250000	2.283000
35.500000	2.283000
35.750000	2.287000
36.000000	2.287000
36.250000	2.293000
36.500000	2.294000
36.750000	2.303000
37.000000	2.306000
37.250000	2.309000
37.500000	2.314000
37.750000	2.315000
38.000000	2.315000
38.250000	2.322000
38.500000	2.329000
38.750000	2.334000
39.000000	2.334000
39.250000	2.346000
39.500000	2.347000
39.750000	2.353000
40.000000	2.358000
40.250000	2.364000
40.500000	2.390000
40.750000	2.734000
41.000000	2.734000
41.250000	2.718000
41.500000	2.687000
41.750000	2.671000
42.000000	2.652000
42.250000	2.630000
42.500000	2.606000
42.750000	2.573000
43.000000	2.555000
43.250000	2.527000
43.500000	2.507000
43.750000	2.483000
44.000000	2.472000
44.250000	2.466000
44.500000	2.454000
44.750000	2.454000
45.000000	2.465000
45.250000	2.469000
45.500000	2.474000
45.750000	2.476000
46.000000	2.486000
46.250000	2.493000
46.500000	2.501000
46.750000	2.506000
47.000000	2.513000
47.250000	2.520000
47.500000	2.526000
47.750000	2.538000
48.000000	2.538000
48.250000	2.539000
48.500000	2.553000
48.750000	2.560000
49.000000	2.570000
49.250000	2.576000
49.500000	2.582000
49.750000	2.587000
50.000000	2.596000
50.250000	2.614000
50.500000	2.625000
50.750000	2.631000
51.000000	2.643000
51.250000	2.646000
51.500000	2.651000
51.750000	2.663000
52.000000	2.671000
52.250000	2.678000
52.500000	2.687000
52.750000	2.702000
53.000000	2.709000
53.250000	2.718000
53.500000	2.723000
53.750000	2.728000
54.000000	2.740000
54.250000	2.741000
54.500000	2.761000
54.750000	2.770000
55.000000	2.773000
55.250000	2.792000
55.500000	3.012000
55.750000	3.024000
56.000000	3.020000
56.250000	3.000000
56.500000	2.988000
56.750000	2.972000
57.000000	2.953000
57.250000	2.948000
57.500000	2.924000
57.750000	2.917000
58.000000	2.913000
58.250000	2.920000
58.500000	2.928000
58.750000	2.945000
59.000000	2.957000
59.250000	2.969000
59.500000	2.978000
59.750000	2.997000
60.000000	3.003000
60.250000	3.017000
60.500000	3.030000
60.750000	3.051000
61.000000	3.059000
61.250000	3.071000
61.500000	3.087000
61.750000	3.095000
62.000000	3.115000
62.250000	3.135000
62.500000	3.137000
62.750000	3.158000
63.000000	3.164000
63.250000	3.191000
63.500000	3.205000
63.750000	3.228000
64.000000	3.239000
64.250000	3.252000
64.500000	3.272000
64.750000	3.287000
65.000000	3.303000
65.250000	3.320000
65.500000	3.365000
65.750000	3.504000
66.000000	3.509000
66.250000	3.504000
66.500000	3.486000
66.750000	3.472000
67.000000	3.458000
67.250000	3.452000
67.500000	3.446000
67.750000	3.446000
68.000000	3.465000
68.250000	3.495000
68.500000	3.505000
68.750000	3.525000
69.000000	3.549000
69.250000	3.572000
69.500000	3.595000
69.750000	3.616000
70.000000	3.640000
70.250000	3.653000
70.500000	3.688000
70.750000	3.710000
71.000000	3.733000
71.250000	3.760000
71.500000	3.786000
71.750000	3.810000
72.000000	3.849000
72.250000	3.860000
72.500000	3.892000
72.750000	3.922000
73.000000	4.090000
73.250000	4.090000
73.500000	4.081000
73.750000	4.071000
74.000000	4.071000
74.250000	4.086000
74.500000	4.110000
74.750000	4.141000
75.000000	4.170000
75.250000	4.203000
75.500000	4.239000
75.750000	4.272000
76.000000	4.309000
76.250000	4.353000
76.500000	4.384000
76.750000	4.420000
77.000000	4.459000
77.250000	4.491000
77.500000	4.529000
77.750000	4.580000
78.000000	4.729000
78.250000	4.729000
78.500000	4.721000
78.750000	4.708000
79.000000	4.708000
79.250000	4.749000
79.500000	4.788000
79.750000	4.821000
80.000000	4.863000
80.250000	4.899000
80.500000	4.950000
80.750000	4.996000
81.000000	5.042000
81.250000	5.075000
81.500000	5.121000
81.750000	5.169000
82.000000	5.217000
82.250000	5.509000
82.500000	5.618000
82.750000	5.680000
83.000000	5.742000
83.250000	5.795000
83.500000	5.858000
83.750000	5.912000
84.000000	5.980000
84.250000	6.033000
84.500000	6.095000
84.750000	6.168000
85.000000	6.227000
85.250000	6.303000
85.500000	6.372000
85.750000	6.449000
86.000000	6.526000
86.250000	6.587000
86.500000	6.684000
86.750000	6.752000
87.000000	6.847000
87.250000	6.931000
87.500000	7.005000
87.750000	7.092000
88.000000	7.181000
88.250000	7.286000
88.500000	7.378000
88.750000	7.475000
89.000000	7.577000
89.250000	7.679000
89.500000	7.780000
89.750000	7.898000
90.000000	8.016000
90.250000	8.147000
90.500000	8.260000
90.750000	8.385000
91.000000	8.533000
91.250000	8.647000
91.500000	8.802000
91.750000	8.860000
92.000000	8.547000
92.250000	8.360000
92.500000	8.350000
92.750000	8.344000
93.000000	8.337000
93.250000	8.331000
93.500000	8.324000
93.750000	8.317000
94.000000	8.302000
94.250000	8.300000
94.500000	8.290000
94.750000	8.274000
95.000000	8.272000
95.250000	8.267000
95.500000	8.262000
95.750000	8.250000
96.000000	8.244000
96.250000	8.246000
96.500000	8.229000
96.750000	8.228000
97.000000	8.221000
97.250000	8.217000
97.500000	8.205000
97.750000	8.203000
98.000000	8.201000
98.250000	8.195000
98.500000	8.190000
98.750000	8.182000
99.000000	8.181000
99.250000	8.175000
99.500000	8.166000
99.750000	8.166000
100.000000	8.168000
100.250000	8.161000
100.500000	8.158000
100.750000	8.153000
101.000000	8.152000
101.250000	8.147000
101.500000	8.144000
101.750000	8.142000
102.000000	8.141000
102.250000	8.147000
102.500000	8.156000
102.750000	8.164000
103.000000	8.178000
103.250000	8.196000
103.500000	8.226000
103.750000	8.280000
104.000000	8.327000
104.250000	8.777000
104.500000	9.318000
104.750000	9.326000
105.000000	9.326000
105.250000	9.321000
105.500000	9.182000
105.750000	8.731000
106.000000	65.533997
106.250000	65.533997
106.500000	65.533997
106.750000	65.533997
107.000000	65.533997
107.250000	65.533997
107.500000	65.533997
107.750000	65.533997
108.000000	4.666000
108.250000	4.436000
108.500000	4.365000
108.750000	3.916000
109.000000	3.568000
109.250000	3.330000
109.500000	3.298000
109.750000	3.307000
110.000000	3.307000
110.250000	3.313000
110.500000	3.313000
110.750000	3.314000
111.000000	3.312000
111.250000	3.316000
111.500000	3.320000
111.750000	3.321000
112.000000	3.321000
112.250000	3.327000
112.500000	3.326000
112.750000	3.327000
113.000000	3.326000
113.250000	3.326000
113.500000	3.329000
113.750000	3.331000
114.000000	3.334000
114.250000	3.340000
114.500000	3.340000
114.750000	3.336000
115.000000	3.339000
115.250000	3.340000
115.500000	3.341000
115.750000	3.345000
116.000000	3.346000
116.250000	3.356000
116.500000	3.356000
116.750000	3.356000
117.000000	3.362000
117.250000	3.364000
117.500000	3.364000
117.750000	3.368000
118.000000	3.372000
118.250000	3.374000
118.500000	3.383000
118.750000	3.384000
119.000000	3.384000
119.250000	3.385000
119.500000	3.393000
119.750000	3.394000
120.000000	3.395000
120.250000	3.397000
120.500000	3.403000
120.750000	3.405000
121.000000	3.415000
121.250000	3.419000
121.500000	3.421000
121.750000	3.419000
122.000000	3.425000
122.250000	3.426000
122.500000	3.431000
122.750000	3.436000
123.000000	3.438000
123.250000	3.443000
123.500000	3.448000
123.750000	3.453000
124.000000	3.457000
124.250000	3.462000
124.500000	3.472000
124.750000	3.472000
125.000000	3.476000
125.250000	3.476000
125.500000	3.483000
125.750000	3.489000
126.000000	3.492000
126.250000	3.495000
126.500000	3.506000
126.750000	3.513000
127.000000	3.520000
127.250000	3.528000
127.500000	3.543000
127.750000	3.543000
128.000000	3.522000
128.250000	3.513000
128.500000	3.515000
128.750000	3.516000
129.000000	3.524000
129.250000	3.525000
129.500000	3.531000
129.750000	3.542000
130.000000	3.545000
130.250000	3.552000
130.500000	3.557000
130.750000	3.558000
131.000000	3.570000
131.250000	3.582000
131.500000	3.587000
131.750000	3.593000
132.000000	3.607000
132.250000	3.607000
132.500000	3.619000
132.750000	3.624000
133.000000	3.635000
133.250000	3.641000
133.500000	3.646000
133.750000	3.655000
134.000000	3.666000
134.250000	3.677000
134.500000	3.684000
134.750000	3.697000
